05	08	16	17	27	04	07
19	21	22	28	32	06	09
10	25	30	32	34	04	10
02	05	09	13	33	01	07
05	06	08	31	32	09	11
03	04	13	19	35	03	10
15	22	23	25	31	01	09
01	05	07	13	35	05	12
03	19	21	30	32	06	09
05	21	28	30	32	07	12
03	06	07	11	27	02	08	
02	18	19	21	25	02	11
14	16	18	20	35	02	05
05	19	22	29	35	02	10
07	10	24	31	35	01	08
05	07	12	20	29	08	12	
10	12	26	28	31	03	10
01	07	09	20	28	01	04
07	08	11	18	23	03	11
01	09	12	22	29	05	09
10	18	25	30	35	03	12
01	11	13	27	29	04	10
10	20	22	24	25	09	12
06	12	13	16	23	05	08
03	06	08	10	25	03	07
02	03	07	17	30	01	09
03	06	11	13	20	01	11
06	08	20	25	29	03	07
05	09	26	31	33	03	10
03	09	14	24	28	06	07
14	18	20	25	35	01	07	
12	22	25	27	28	01	02
01	02	08	10	33	10	12
04	15	22	28	33	06	08
22	25	28	29	30	04	08
04	07	13	27	30	02	06
05	20	23	27	31	04	06
07	08	20	26	34	08	09
03	07	14	15	19	06	10
02	08	16	31	32	04	12
03	04	21	22	27	05	11
06	08	11	18	20	05	11
03	16	20	21	27	09	11
15	17	21	22	26	02	08
08	11	21	23	27	03	08
04	10	15	20	34	04	07
03	10	11	12	21	02	03
02	06	17	23	35	06	11
09	20	22	29	34	03	08
15	18	20	21	34	04	10
02	04	13	29	31	05	12
02	04	11	29	30	02	08
14	23	29	30	33	06	12
03	12	16	21	29	01	02
08	10	25	29	30	01	02
12	15	28	29	32	08	11
09	10	11	12	29	01	10
06	11	15	21	23	01	07
03	09	10	11	26	01	02	
12	14	19	33	34	01	07
02	11	16	23	28	05	10
14	20	27	28	29	06	10
05	18	26	29	32	07	10
05	10	18	20	34	01	08
07	25	32	33	35	04	09
15	18	27	28	34	03	06
06	10	12	21	22	01	06
01	04	17	20	22	04	10
04	06	07	33	34	09	10
08	09	15	20	22	04	12
01	08	25	31	33	05	11
04	07	15	24	29	01	04
01	04	17	33	34	03	09
02	11	15	18	21	05	10
08	12	16	19	35	06	09
11	18	22	25	29	04	12
12	14	16	19	28	01	04
07	10	15	21	24	05	06
02	14	32	34	35	05	11
09	10	18	22	24	03	12
01	04	06	15	18	02	03	
02	03	04	12	26	01	08
12	17	18	20	34	02	05
09	11	13	18	29	04	11
02	05	09	14	33	04	09
02	06	23	24	33	01	10	
05	13	14	16	20	03	08
08	09	10	11	35	05	11
02	11	12	32	34	03	10
06	14	19	22	27	01	04
01	19	22	25	27	03	10
04	10	17	25	32	05	07
01	07	09	16	30	02	05
04	09	17	30	33	05	09
07	13	14	19	27	06	10
02	11	17	22	24	07	09
05	24	25	32	34	01	09
01	07	09	10	23	10	12
06	12	20	26	31	02	04
26	28	32	34	35	02	07	
05	07	19	26	32	08	09
