03 09 17 26 35 02 07
01 06 08 27 32 03 04
07 09 12 23 29 01 02
02 06 18 19 27 08 09
03 05 07 09 12 05 08
08 13 16 17 33 02 10
04 06 11 20 30 03 05
04 05 28 34 35 04 11
15 18 19 24 26 05 09
02 08 10 15 27 02 08
01 03 27 32 34 01 07
21 22 25 26 34 01 09
05 22 25 28 30 03 12
04 05 16 21 31 09 11
08 11 14 24 31 05 06
05 07 12 20 29 08 12
10 12 26 28 31 03 10
01 07 09 20 28 01 04
07 08 11 18 23 03 11
01 09 12 22 29 05 09
10 18 25 30 35 03 12
01 11 13 27 29 04 10
10 20 22 24 25 09 12
06 12 13 16 23 05 08
03 06 08 10 25 03 07
02 03 07 17 30 01 09
03 06 11 13 20 01 11
06 08 20 25 29 03 07
05 09 26 31 33 03 10
03 09 14 24 28 06 07
14 18 20 25 35 01 07
12 22 25 27 28 01 02
01 02 08 10 33 10 12
04 15 22 28 33 06 08
22 25 28 29 30 04 08
04 07 13 27 30 02 06
02 03 06 28 33 07 11
01 08 11 17 21 01 02
02 04 25 26 31 01 06
16 24 26 28 29 08 12
12 13 24 29 31 02 08
01 07 19 26 27 03 05
02 03 23 27 31 01 10
07 11 12 14 19 02 08
03 10 15 19 29 09 10
04 10 24 31 35 05 08
09 25 30 33 34 03 09
18 17 35 27 16 06 12
07 17 22 30 34 05 07
05 06 09 11 22 01 03
19 07 35 20 01 09 03
06 10 13 20 32 01 02
25 20 17 18 31 12 03
03 21 25 28 30 01 12
01 12 19 31 33 05 08
16 33 14 15 05 03 05
07 12 16 33 34 01 03
05 12 21 32 33 08 09
10 18 26 27 05 03 06
13 19 20 24 25 06 07
02 06 07 16 20 02 11
08 21 24 33 34 03 10
16 20 22 24 31 04 05
06 07 08 21 30 01 05
01 06 09 22 24 01 03
05 20 21 22 32 03 04
12 18 21 22 31 01 07
06 09 20 32 35 08 11
02 05 16 18 22 07 09
04 11 23 25 34 05 07
05 12 17 19 35 10 11
