05 08 16 17 27 04 07
19 21 22 28 32 06 09
10 25 30 32 34 04 10
02 05 09 13 33 01 07
05 06 08 31 32 09 11
03 04 13 19 35 03 10
15 22 23 25 31 01 09
01 05 07 13 35 05 12
03 19 21 30 32 06 09
05 21 28 30 32 07 12
03 06 07 11 27 02 08
02 18 19 21 25 02 11
14 16 18 20 35 02 05
05 19 22 29 35 02 10
07 10 24 31 35 01 08
05 07 12 20 29 08 12
10 12 26 28 31 03 10
01 07 09 20 28 01 04
07 08 11 18 23 03 11
01 09 12 22 29 05 09
10 18 25 30 35 03 12
01 11 13 27 29 04 10
10 20 22 24 25 09 12
06 12 13 16 23 05 08
03 06 08 10 25 03 07
02 03 07 17 30 01 09
03 06 11 13 20 01 11
06 08 20 25 29 03 07
05 09 26 31 33 03 10
03 09 14 24 28 06 07
14 18 20 25 35 01 07
12 22 25 27 28 01 02
01 02 08 10 33 10 12
04 15 22 28 33 06 08
22 25 28 29 30 04 08
04 07 13 27 30 02 06
