03 09 17 26 35 02 07
01 06 08 27 32 03 04
07 09 12 23 29 01 02
02 06 18 19 27 08 09
03 05 07 09 12 05 08
08 13 16 17 33 02 10
04 06 11 20 30 03 05
04 05 28 34 35 04 11
15 18 19 24 26 05 09
02 08 10 15 27 02 08
01 03 27 32 34 01 07
21 22 25 26 34 01 09
05 22 25 28 30 03 12
04 05 16 21 31 09 11
08 11 14 24 31 05 06
05 07 12 20 29 08 12
10 12 26 28 31 03 10
01 07 09 20 28 01 04
07 08 11 18 23 03 11
01 09 12 22 29 05 09
10 18 25 30 35 03 12
01 11 13 27 29 04 10
10 20 22 24 25 09 12
06 12 13 16 23 05 08
03 06 08 10 25 03 07
02 03 07 17 30 01 09
03 06 11 13 20 01 11
06 08 20 25 29 03 07
05 09 26 31 33 03 10
03 09 14 24 28 06 07
14 18 20 25 35 01 07
12 22 25 27 28 01 02
01 02 08 10 33 10 12
04 15 22 28 33 06 08
22 25 28 29 30 04 08
04 07 13 27 30 02 06
02 03 06 28 33 07 11
01 08 11 17 21 01 02
02 04 25 26 31 01 06
16 24 26 28 29 08 12
12 13 24 29 31 02 08
01 07 19 26 27 03 05
02 03 23 27 31 01 10
07 11 12 14 19 02 08
03 10 15 19 29 09 10
04 10 24 31 35 05 08
09 25 30 33 34 03 09
18 17 35 27 16 06 12
07 17 22 30 34 05 07
05 06 09 11 22 01 03
19 07 35 20 01 09 03
06 10 13 20 32 01 02
25 20 17 18 31 12 03
03 21 25 28 30 01 12
01 12 19 31 33 05 08
16 33 14 15 05 03 05
07 12 16 33 34 01 03
05 12 21 32 33 08 09
10 18 26 27 05 03 06
13 19 20 24 25 06 07
02 06 07 16 20 02 11
08 21 24 33 34 03 10
16 20 22 24 31 04 05
06 07 08 21 30 01 05
01 06 09 22 24 01 03
05 20 21 22 32 03 04
12 18 21 22 31 01 07
06 09 20 32 35 08 11
02 05 16 18 22 07 09
04 11 23 25 34 05 07
05 12 17 19 35 10 11
05 08 16 17 27 04 07
19 21 22 28 32 06 09
10 25 30 32 34 04 10
02 05 09 13 33 01 07
05 06 08 31 32 09 11
03 04 13 19 35 03 10
15 22 23 25 31 01 09
01 05 07 13 35 05 12
03 19 21 30 32 06 09
05 21 28 30 32 07 12
03 06 07 11 27 02 08
02 18 19 21 25 02 11
14 16 18 20 35 02 05
05 19 22 29 35 02 10
07 10 24 31 35 01 08
05 07 12 20 29 08 12
10 12 26 28 31 03 10
01 07 09 20 28 01 04
07 08 11 18 23 03 11
01 09 12 22 29 05 09
10 18 25 30 35 03 12
01 11 13 27 29 04 10
10 20 22 24 25 09 12
06 12 13 16 23 05 08
03 06 08 10 25 03 07
02 03 07 17 30 01 09
03 06 11 13 20 01 11
06 08 20 25 29 03 07
05 09 26 31 33 03 10
03 09 14 24 28 06 07
14 18 20 25 35 01 07
12 22 25 27 28 01 02
01 02 08 10 33 10 12
04 15 22 28 33 06 08
22 25 28 29 30 04 08
04 07 13 27 30 02 06
07 09 23 27 32 02 08
04 08 15 20 31 07 08
02 09 11 15 16 02 04
05 18 23 25 32 05 09
02 04 16 23 35 06 11
05 12 18 23 35 06 12
01 03 13 20 26 03 10
03 06 17 21 33 05 11
05 12 13 14 33 05 08
02 03 13 18 26 02 09
14 21 23 29 33 02 10
01 02 09 22 25 01 06
03 05 06 23 26 01 04
16 18 23 34 35 01 06
01 04 10 13 17 03 11
08 09 12 19 24 01 06
04 05 10 23 31 07 12
09 11 19 30 35 01 12
12 13 14 16 31 04 12
01 10 21 23 29 10 12
05 08 12 14 17 04 05
05 09 10 18 26 05 06
09 25 26 27 28 01 08
02 04 08 10 21 09 12
03 15 24 28 29 03 07
10 11 22 26 32 01 08
09 10 11 12 16 01 11
15 27 29 30 34 01 10
03 05 17 33 35 05 07
02 13 22 28 34 05 12
06 08 22 29 34 05 07
03 04 19 26 32 01 12
03 05 07 09 18 02 10
11 12 25 26 27 08 11
02 22 30 33 34 08 12
04 07 16 26 32 05 08
07 12 13 28 32 06 08
08 17 21 33 35 06 07
09 11 20 26 27 06 09
06 12 13 21 34 08 09
24 25 27 29 34 02 06
02 07 13 19 24 03 08
08 12 14 19 22 11 12
03 08 22 26 29 07 10
01 15 21 26 33 04 07
01 13 18 27 33 04 07
09 20 21 23 28 06 11
11 17 20 23 35 01 10
01 06 14 15 17 02 03
06 10 14 23 33 08 10
13 18 28 32 33 02 11
02 03 20 28 33 02 12
02 09 14 20 31 05 09
02 06 14 22 24 08 11
09 10 20 33 35 04 11
06 07 18 21 30 01 05
