02 06 11 12 13 33 15
01 05 07 18 30 32 02
05 06 09 21 28 30 16
03 07 08 09 18 32 10
01 20 22 27 30 33 10
02 06 22 23 24 28 15
09 13 19 27 29 30 01
06 09 16 27 31 33 10
03 06 13 19 23 25 10
04 09 10 15 19 26 12
02 03 04 20 31 32 04
03 05 07 16 20 24 08 
04 09 12 13 16 20 01
07 13 19 22 26 32 01
07 10 13 22 27 31 12
04 05 09 10 27 30 13
01 03 05 18 29 32 04
11 15 17 22 25 30 07
07 08 16 17 18 30 01
01 13 14 21 24 30 02
03 13 25 26 30 31 04
15 18 23 25 28 32 11
01 03 08 10 23 29 06
01 02 13 21 23 29 14
02 03 15 20 23 24 10
02 09 16 22 25 29 03
02 13 17 18 25 26 13
02 06 09 17 25 28 15
06 19 22 23 28 31 05
10 11 14 19 22 24 04
03 10 12 13 18 33 08
01 03 11 18 31 33 02
03 06 13 21 28 29 06
01 03 07 13 22 23 07
02 06 12 24 25 32 02
06 10 12 15 22 28 08
11 22 27 29 31 33 12
01 02 13 23 25 27 05
08 17 18 21 25 30 05
03 04 14 22 23 33 04
02 08 10 17 19 24 13
02 07 12 19 24 31 10
06 09 14 16 25 32 16
02 14 17 18 22 30 01
04 11 15 17 24 30 15
02 09 10 24 31 33 16
07 16 21 24 27 30 07
09 15 18 24 28 33 01
03 04 14 15 18 20 02
06 09 25 27 28 30 03
09 14 15 16 29 30 10
01 03 11 22 26 31 11
01 02 03 08 13 14 02
13 20 25 29 30 33 02
04 11 24 25 32 33 13
10 19 21 22 31 33 05
01 10 22 24 28 30 07
01 04 07 21 29 30 01
08 16 26 28 29 30 15
07 09 10 16 22 27 11
01 04 05 15 23 28 07
02 04 07 14 28 29 09
02 08 25 28 30 31 02
01 09 15 18 29 33 15
07 08 16 24 30 32 02